11,115
11,114
11,113
11,112
11,111
11,110
11,109
11,108
11,107
11,106
11,105
11,104
11,103
11,102
11,101
11,100
11,99
11,98
11,97
11,96
11,95
11,94
11,93
11,92
11,91
11,90
11,89
11,88
11,87
11,86
11,85
4294967279,388
4294967279,387
4294967279,386
4294967279,385
4294967279,384
4294967279,383
4294967278,327
4294967278,326
4294967279,382
4294967278,325
4294967279,381
4294967278,324
4294967279,380
4294967278,323
4294967279,379
4294967279,378
4294967279,377
4294967279,376
4294967278,322
4294967278,321
4294967278,320
4294967279,375
4294967278,575
4294967279,374
4294967279,373
4294967279,372
4294967279,371
4294967279,370
4294967279,369
11,84
11,83
4294967278,574
11,82
11,81
11,80
11,79
11,78
11,77
11,76
11,75
11,74
4294967278,573
4294967279,368
4294967278,572
4294967278,571
4294967279,367
4294967278,570
4294967278,569
4294967279,366
4294967279,365
4294967278,568
4294967279,364
4294967279,363
4294967278,567
11,73
4294967279,362
4294967278,566
4294967279,361
4294967278,565
4294967279,360
4294967278,564
4294967279,359
4294967278,563
4294967279,358
4294967278,562
4294967278,561
4294967279,357
4294967279,356
4294967278,560
4294967279,355
4294967279,354
4294967279,353
4294967279,352
4294967294,936
4294967294,909
4294967278,559
4294967278,558
4294967278,557
4294967278,556
4294967278,555
4294967278,554
4294967294,1151
4294967294,475
4294967294,81
4294967278,553
4294967294,1150
4294967294,474
4294967278,552
4294967294,1149
4294967294,473
4294967278,551
4294967278,550
4294967294,472
4294967279,351
4294967294,183
4294967278,549
4294967279,350
4294967278,548
4294967279,349
4294967278,547
4294967279,348
11,72
11,71
11,70
11,69
11,68
11,67
11,66
11,65
11,64
11,38
11,37
11,36
11,35
11,34
11,33
11,32
11,31
11,30
11,29
11,28
11,27
11,26
11,25
11,24
11,23
11,22
11,21
11,20
11,19
4294967278,546
4294967279,347
4294967279,346
11,18
11,17
11,16
11,15
11,14
11,13
11,12
11,11
11,10
11,9
4294967279,345
4294967278,545
4294967279,344
4294967278,544
4294967278,543
4294967278,542
4294967278,541
4294967278,540
4294967279,343
4294967278,539
4294967278,538
4294967279,342
4294967278,537
4294967279,341
4294967278,536
4294967279,340
4294967279,339
4294967278,535
11,8
11,7
4294967278,534
4294967279,338
4294967279,337
4294967278,533
4294967279,336
4294967279,335
4294967278,532
4294967278,531
4294967279,334
4294967278,530
4294967279,333
4294967278,529
4294967278,528
4294967278,527
4294967278,526
4294967279,332
4294967279,331
4294967278,525
4294967279,330
4294967279,329
4294967279,328
4294967279,327
4294967279,326
4294967278,524
4294967279,325
4294967278,523
4294967278,522
4294967279,324
4294967278,521
4294967279,323
4294967278,520
4294967279,322
4294967278,519
4294967279,321
4294967278,518
4294967279,320
4294967278,517
4294967279,319
4294967278,516
4294967279,318
4294967278,515
4294967279,317
4294967278,514
4294967279,316
4294967278,513
4294967279,315
4294967278,512
4294967279,314
4294967278,319
4294967279,313
4294967278,318
4294967279,312
4294967278,317
4294967279,311
4294967278,316
4294967279,310
4294967278,315
4294967279,309
4294967278,314
4294967279,308
4294967278,313
4294967279,307
4294967278,312
4294967279,306
4294967278,311
4294967279,305
4294967278,310
4294967279,304
4294967278,309
4294967279,303
4294967278,308
4294967279,302
4294967278,307
4294967279,301
4294967278,306
4294967279,300
4294967278,305
4294967279,299
4294967278,304
4294967279,298
4294967278,303
4294967279,297
4294967278,302
4294967279,296
4294967278,301
4294967279,295
4294967278,300
4294967279,294
4294967278,299
4294967279,293
4294967278,298
4294967279,292
4294967278,297
4294967279,291
4294967278,296
4294967279,290
4294967278,295
4294967279,289
4294967278,294
4294967279,288
4294967278,293
4294967279,287
4294967278,292
4294967279,286
4294967294,1148
4294967294,1147
13,8
13,7
13,6
13,5
13,4
13,3
13,2
13,1
13,0
4294967279,285
4294967294,471
12,6
12,5
12,4
12,3
12,2
12,1
12,0
4294967279,284
11,6
11,5
11,4
11,3
11,2
11,1
11,0
4294967279,283
10,5
10,4
10,3
10,2
10,1
10,0
4294967278,291
4294967294,470
4294967294,971
9,9
9,8
9,7
9,6
9,5
9,4
9,3
9,2
9,1
9,0
4294967279,282
4294967294,1146
8,6
8,5
8,4
8,3
8,2
